0.107
0.018
0.012
0.043
-0.010
0.032
0.011
0.057
-0.003
0.011
-0.033
-0.061
-0.032
0.034
-0.046
-0.033
-0.007
0.028
0.083
0.040
-0.093
0.025
-0.033
-0.036
0.012
0.046
0.050
-0.046
-0.002
-0.002
0.024
0.026
0.016
0.012
0.074
0.008
0.126
0.045
0.034
-0.022
-0.022
0.132
0.005
-0.094
-0.051
0.003
0.034
0.094
0.020
-0.041
0.003
0.052
-0.014
-0.005
0.027
0.039
0.068
-0.000
0.070
0.034
-0.001
-0.025
0.028
0.005
0.033
0.008
-0.040
-0.002
-0.019
0.091
0.008
0.016
-0.047
-0.015
0.032
0.042
0.004
0.012
0.020
0.039
-0.032
0.070
0.048
0.053
-0.079
-0.036
0.004
0.053
-0.062
0.033
-0.090
0.031
0.053
0.021
-0.019
0.023
-0.008
-0.001
0.025
0.013
-0.042
-0.027
0.078
0.021
0.093
-0.002
0.072
0.101
0.135
-0.018
-0.050
0.012
-0.020
0.087
0.042
-0.004
0.081
0.012
0.066
0.054
-0.003
0.008
-0.024
-0.005
-0.021
0.108
0.028
-0.047
-0.075
-0.041
0.057
0.096
-0.019
0.013
0.011
0.005
-0.056
-0.010
-0.008
0.096
0.030
-0.002
-0.039
-0.053
-0.002
0.031
0.006
-0.028
-0.008
-0.004
0.006
-0.034
0.049
0.038
-0.052
0.084
-0.023
-0.021
0.027
0.021
0.022
0.131
0.043
0.033
0.052
-0.009
0.032
-0.014
0.070
-0.019
0.038
-0.056
0.007
-0.002
0.027
0.073
0.023
0.062
0.048
0.005
-0.058
0.012
-0.026
0.034
-0.034
-0.016
-0.025
0.014
-0.051
0.063
-0.043
0.017
0.020
0.040
-0.033
-0.005
-0.034
-0.011
0.021
0.054
0.059
0.056
-0.014
-0.030
0.019
0.053
-0.027
-0.115
0.046
-0.009
0.069
-0.033
0.060
0.011
0.018
0.015
0.005
0.085
0.021
0.004
-0.049
-0.023
0.002
-0.020
-0.030
0.060
-0.011
-0.077
-0.032
-0.095
0.019
-0.049
0.075
-0.031
0.062
0.036
0.058
0.083
-0.036
-0.003
-0.052
0.047
0.104
0.059
-0.019
0.000
-0.011
0.017
0.040
0.042
-0.046
0.079
0.002
0.054
0.007
0.050
-0.017
0.020
-0.038
-0.002
-0.087
-0.028
-0.053
0.024
-0.015
0.033
-0.013
0.008
0.007
0.051
0.047
-0.015
0.007
0.009
-0.006
0.057
0.005
0.007
0.015
0.035
0.055
-0.053
-0.026
0.017
-0.080
0.049
0.000
-0.029
0.004
0.057
0.030
0.042
0.045
0.049
0.052
0.023
-0.014
0.015
-0.046
0.069
