-0.005
-0.019
0.078
0.120
0.125
0.049
0.074
0.015
0.032
0.058
-0.015
0.002
0.118
-0.024
-0.037
-0.024
0.084
0.098
0.037
-0.014
0.025
-0.003
-0.024
-0.046
0.034
0.133
-0.046
-0.015
0.068
0.060
-0.067
-0.024
0.002
-0.001
-0.015
0.115
0.137
0.006
0.069
0.041
0.126
0.076
0.022
-0.075
0.085
0.032
-0.065
-0.004
0.099
-0.051
-0.016
-0.055
0.014
0.029
0.057
0.130
-0.029
0.089
0.020
0.036
-0.013
-0.014
-0.049
-0.001
0.054
0.077
-0.016
0.027
0.080
0.043
-0.008
-0.025
0.059
0.099
-0.004
-0.001
0.091
0.016
-0.002
0.097
0.075
0.055
-0.054
0.066
0.099
0.048
0.051
0.061
-0.020
0.060
0.007
0.010
0.132
0.070
0.080
0.014
-0.022
0.071
0.005
-0.022
