-0.339 0.254 -0.270 0.066 -0.237 0.020 -0.405 0.164 -0.209 0.245
0.229 0.235 -0.505 0.005 -0.270 0.082 0.382 0.359 -0.232 0.103
-0.108 -0.070 0.075 -0.049 -0.000 -0.068 -0.454 0.085 -0.108 0.147
-0.084 -0.360 -0.024 -0.324 0.205 -0.219 0.241 -0.137 0.213 0.243
-0.192 0.082 -0.241 -0.020 0.297 0.191 0.241 0.139 0.274 0.116
-0.035 0.007 0.224 -0.329 0.000 0.190 0.065 -0.291 0.013 -0.278
0.223 0.068 -0.061 -0.439 0.119 -0.021 0.164 -0.057 0.042 0.053
-0.026 0.082 -0.117 0.136 -0.295 0.095 -0.503 0.016 -0.092 0.259
-0.292 -0.261 -0.070 0.074 0.013 -0.190 -0.281 -0.377 0.188 0.113
-0.542 -0.116 -0.185 -0.111 0.313 0.280 0.097 0.040 -0.446 0.278
-0.084 0.244 -0.405 -0.355 -0.026 0.128 0.114 0.020 -0.015 -0.053
-0.227 0.214 0.055 0.055 -0.042 -0.061 0.015 -0.384 -0.102 -0.449
-0.131 -0.328 -0.329 -0.076 -0.062 0.161 0.036 -0.027 0.236 0.259
0.144 0.191 0.276 -0.411 0.076 0.051 0.079 0.290 -0.280 0.126
-0.298 0.306 0.401 -0.091 0.009 -0.170 -0.174 0.377 -0.047 -0.538
0.072 0.182 0.234 0.284 0.228 -0.070 0.064 0.057 -0.379 -0.553
-0.373 0.079 -0.074 0.298 0.150 -0.345 -0.076 -0.396 0.235 -0.157
0.203 -0.160 0.142 0.144 -0.482 0.130 0.069 -0.395 0.132 -0.032
0.224 -0.566 -0.194 -0.169 0.028 0.124 -0.037 -0.308 -0.218 0.324
-0.164 0.130 -0.182 0.255 0.166 0.183 -0.083 -0.330 -0.310 -0.295
0.183 0.074 0.157 0.075 0.000 -0.313 -0.377 0.167 0.028 0.016
-0.082 -0.220 -0.288 0.223 0.168 -0.323 -0.190 0.188 0.144 -0.250
0.192 0.109 0.313 0.234 -0.478 -0.317 -0.154 0.138 -0.224 0.264
-0.044 -0.055 0.175 0.117 -0.121 -0.437 0.344 0.257 -0.391 0.214
-0.164 0.146 -0.278 -0.309 -0.252 0.105 0.089 -0.387 0.041 0.063
-0.183 -0.038 -0.196 -0.129 -0.286 -0.153 -0.080 -0.188 0.312 0.045
-0.292 -0.027 -0.000 0.078 -0.248 0.071 -0.295 0.138 -0.100 -0.158
0.260 0.085 0.060 -0.434 0.019 0.160 -0.255 0.185 -0.021 0.139
-0.152 0.172 0.174 -0.375 0.338 0.254 0.062 -0.442 0.097 0.151
-0.249 0.047 0.236 -0.167 0.009 -0.091 -0.011 -0.234 -0.314 0.319
0.217 0.442 -0.037 0.124 -0.173 0.191 0.212 -0.290 -0.517 0.066
-0.081 0.157 0.149 -0.226 -0.232 0.174 0.159 0.092 -0.047 -0.410
0.264 -0.390 0.046 0.283 -0.126 0.195 0.248 0.076 -0.121 -0.394
0.097 0.044 0.116 -0.225 -0.008 -0.231 -0.016 0.054 0.009 0.129
-0.085 -0.243 -0.239 0.239 0.062 -0.228 -0.185 0.083 -0.271 -0.029
-0.141 0.213 0.096 -0.080 0.123 0.073 -0.207 -0.154 0.290 -0.093
-0.189 -0.260 0.260 0.080 0.028 0.194 -0.188 -0.324 0.231 -0.006
-0.044 0.031 -0.126 0.164 0.150 -0.399 -0.290 0.105 -0.079 0.055
-0.358 0.194 0.274 -0.189 -0.134 -0.037 -0.212 0.161 0.245 -0.449
0.293 -0.509 -0.039 0.008 -0.256 0.098 -0.232 0.000 -0.049 0.208
-0.222 -0.349 0.248 -0.079 -0.172 -0.162 -0.255 0.064 0.199 -0.605
0.303 -0.332 0.096 0.218 -0.210 -0.095 0.171 -0.229 0.114 -0.011
-0.141 0.215 -0.409 0.030 -0.339 0.252 0.169 -0.257 0.126 0.097
0.259 0.385 -0.039 -0.389 0.295 -0.042 0.198 -0.101 -0.166 -0.234
-0.363 0.026 -0.081 0.261 -0.177 -0.068 -0.275 -0.113 0.067 0.239
0.210 -0.197 -0.203 -0.054 0.239 -0.199 -0.360 -0.066 -0.315 0.192
-0.032 0.259 -0.320 0.332 0.001 -0.350 0.260 0.159 -0.254 -0.335
-0.333 0.243 -0.189 -0.338 0.046 0.220 0.236 -0.395 0.115 0.050
-0.151 0.075 0.013 -0.353 0.074 -0.372 0.100 -0.278 0.196 0.078
-0.016 0.096 -0.180 0.080 -0.232 0.109 0.119 -0.122 0.018 -0.158
0.202 0.177 -0.238 -0.325 -0.464 0.213 0.153 0.279 -0.057 -0.276
-0.109 -0.041 0.124 0.046 -0.034 0.010 -0.099 0.038 0.160 -0.060
0.214 0.176 -0.012 -0.178 0.223 -0.406 -0.101 0.077 0.028 -0.276
0.032 -0.329 -0.015 -0.086 -0.167 -0.357 0.030 -0.385 -0.087 0.190
-0.301 0.034 0.276 0.064 -0.191 -0.205 -0.137 0.124 -0.008 -0.116
0.167 -0.147 -0.074 -0.040 0.068 -0.149 -0.270 -0.007 0.249 0.075
0.197 -0.075 -0.121 0.097 -0.217 0.210 -0.072 -0.074 -0.004 0.176
-0.008 -0.038 -0.326 -0.118 0.193 -0.274 -0.423 0.156 0.071 -0.059
-0.016 -0.178 0.271 -0.166 -0.555 0.275 -0.381 0.093 -0.266 0.167
-0.083 -0.347 0.298 0.010 0.095 -0.380 0.204 0.090 -0.014 -0.335
0.180 -0.606 -0.461 0.204 0.355 -0.348 -0.187 0.039 0.019 0.130
0.238 0.125 0.033 -0.338 -0.309 0.181 0.221 0.383 -0.479 -0.314
-0.001 -0.141 0.274 0.017 -0.233 -0.225 0.143 -0.189 -0.141 -0.178
0.138 -0.062 -0.273 0.173 0.091 -0.232 -0.105 -0.212 -0.082 0.005
-0.065 -0.293 0.077 -0.155 -0.325 -0.286 -0.267 0.140 0.118 0.142
-0.170 -0.275 -0.229 0.108 -0.383 0.188 -0.141 0.209 0.187 -0.115
-0.323 -0.114 -0.077 0.116 -0.178 0.199 -0.398 0.234 -0.219 0.149
0.061 -0.193 0.107 0.235 0.149 0.086 -0.304 -0.346 -0.211 -0.199
-0.163 -0.324 -0.359 -0.037 0.015 0.146 -0.022 0.176 0.082 -0.171
-0.057 -0.369 0.206 0.139 0.241 -0.194 0.077 0.265 -0.207 0.111
-0.027 0.241 0.132 -0.227 0.187 0.201 0.175 0.222 -0.329 0.258
-0.407 0.277 0.252 0.065 -0.237 0.072 0.216 0.087 -0.103 -0.306
0.044 -0.301 -0.279 -0.120 0.132 0.145 0.285 -0.258 0.086 -0.224
0.101 -0.302 -0.072 0.047 -0.364 0.289 0.188 -0.393 0.012 -0.197
0.118 0.027 -0.010 0.202 0.212 -0.220 0.064 0.136 -0.150 0.327
-0.063 -0.008 -0.064 -0.324 0.305 -0.109 0.372 -0.219 -0.206 -0.215
0.301 -0.251 0.297 -0.309 -0.090 -0.373 -0.253 -0.224 0.045 0.079
-0.091 0.116 -0.334 -0.136 0.041 0.213 -0.357 0.258 -0.077 0.250
0.138 0.166 -0.504 -0.047 0.186 -0.203 -0.329 -0.103 -0.450 0.306
-0.268 0.254 -0.125 0.227 0.136 -0.361 -0.217 -0.135 0.285 0.040
-0.223 0.115 -0.498 -0.156 0.326 -0.033 0.227 -0.069 0.072 0.076
0.179 -0.121 0.203 -0.151 0.235 0.156 -0.413 0.106 -0.205 0.043
0.119 -0.187 -0.061 0.198 -0.077 0.101 -0.210 -0.360 -0.194 -0.132
0.016 0.005 -0.121 0.211 -0.521 -0.121 0.070 -0.212 0.217 -0.225
-0.289 -0.020 -0.089 0.154 -0.065 0.216 -0.408 0.116 0.226 -0.025
0.236 -0.446 0.144 -0.033 0.180 -0.271 0.291 -0.330 -0.246 -0.140
-0.082 0.087 0.267 0.216 0.260 0.171 -0.043 0.109 -0.009 -0.321
-0.195 -0.020 -0.046 -0.390 0.041 -0.454 -0.010 0.014 -0.055 0.045
0.224 0.167 0.024 0.043 -0.375 -0.308 -0.551 0.248 -0.079 0.060
-0.049 -0.318 -0.061 -0.118 -0.353 -0.037 0.182 0.068 0.091 0.137
-0.421 -0.004 -0.122 0.192 -0.051 0.067 -0.480 -0.280 -0.112 0.049
-0.194 0.164 -0.223 0.053 0.117 -0.105 0.091 0.183 0.141 -0.348
-0.230 0.188 -0.154 0.088 0.188 0.167 -0.264 -0.112 0.283 0.212
0.114 0.153 0.126 0.227 -0.378 -0.020 0.200 -0.284 0.258 0.070
-0.453 0.053 0.062 0.007 0.142 0.146 -0.118 -0.396 0.134 0.122
0.172 -0.089 -0.343 0.140 -0.491 0.176 0.227 -0.207 -0.131 -0.295
0.050 0.233 0.216 0.362 0.149 0.279 -0.112 0.166 -0.328 0.010
0.236 0.087 0.210 -0.188 0.004 -0.112 0.241 -0.318 0.124 -0.415
0.263 -0.157 0.289 -0.103 -0.371 -0.042 0.016 -0.183 -0.198 -0.340
-0.219 -0.371 0.108 0.143 0.194 0.180 -0.517 0.142 -0.306 0.154
