0.139
0.034
0.030
0.061
-0.048
0.051
0.058
0.014
0.031
-0.023
0.084
-0.041
0.014
0.010
-0.015
0.000
-0.025
0.074
0.036
0.048
0.038
0.005
0.063
-0.046
0.082
-0.048
0.042
-0.007
-0.043
-0.013
0.048
0.042
0.036
0.055
0.004
0.018
-0.013
0.005
0.114
-0.033
0.000
-0.006
-0.012
-0.003
0.019
0.033
0.031
0.058
0.031
0.018
-0.020
-0.013
-0.014
-0.025
0.040
-0.076
0.039
0.022
-0.081
0.000
-0.025
-0.016
0.020
0.092
0.059
0.002
0.008
-0.017
0.038
-0.038
-0.071
0.058
-0.028
0.072
-0.029
0.004
0.058
0.056
0.097
0.017
0.080
0.023
0.087
0.044
0.077
-0.024
0.011
0.018
-0.023
-0.012
-0.065
-0.006
-0.003
0.032
-0.021
0.022
-0.032
0.021
0.041
0.032
0.065
0.055
-0.024
0.018
-0.007
-0.003
-0.003
0.017
-0.004
-0.011
0.063
-0.043
0.010
0.045
-0.035
-0.004
0.013
0.041
0.023
0.013
0.008
0.036
-0.055
-0.008
-0.032
0.063
-0.035
-0.003
0.046
0.038
-0.031
-0.009
0.012
0.013
-0.043
0.103
0.070
0.033
-0.057
0.038
-0.039
-0.008
0.035
0.026
0.034
0.019
-0.036
-0.042
-0.053
0.044
0.040
0.049
0.073
-0.001
0.053
-0.084
0.033
0.049
-0.036
-0.024
0.021
0.050
0.099
0.023
-0.006
0.029
-0.054
-0.040
-0.059
0.003
0.078
0.002
-0.003
-0.071
0.013
0.082
-0.029
0.034
0.053
0.108
0.035
-0.015
0.053
0.036
0.023
-0.021
0.044
0.027
0.044
-0.016
0.008
-0.007
-0.010
-0.017
-0.015
-0.046
0.003
0.019
0.069
-0.015
-0.047
-0.053
-0.047
0.015
-0.013
0.034
-0.008
-0.018
0.039
0.032
-0.023
0.001
0.014
-0.011
0.034
0.053
-0.021
-0.003
0.005
-0.012
0.027
0.044
-0.031
0.035
0.038
0.027
0.008
-0.002
0.103
-0.045
-0.017
-0.037
-0.024
0.027
0.049
0.026
-0.030
0.072
-0.001
-0.074
0.100
-0.001
0.059
-0.037
0.031
0.028
-0.061
-0.015
0.051
0.053
-0.054
0.028
0.032
-0.038
0.031
-0.009
0.075
-0.002
0.027
-0.086
0.011
0.028
-0.019
-0.040
0.029
-0.048
-0.005
-0.022
-0.021
-0.072
0.033
0.073
0.047
-0.067
0.016
0.075
-0.066
0.045
0.043
0.043
0.088
0.007
-0.037
0.062
-0.028
-0.039
-0.026
0.052
0.089
-0.041
0.013
0.032
-0.032
0.071
0.025
0.004
0.028
0.008
0.058
0.018
