0.057
0.088
-0.002
0.013
-0.033
0.070
-0.024
0.023
0.033
-0.004
-0.042
-0.079
0.091
-0.038
0.017
0.108
-0.022
0.152
0.014
0.034
-0.033
0.091
-0.058
-0.029
0.002
0.066
0.035
0.027
-0.009
0.047
0.115
0.030
0.001
-0.013
0.017
0.066
0.079
0.048
-0.029
0.076
0.039
-0.041
0.133
-0.038
0.093
0.005
-0.018
0.014
-0.001
-0.008
0.003
0.004
-0.023
0.019
0.047
0.005
0.031
0.064
-0.004
0.107
0.111
0.059
0.023
0.079
0.089
0.009
-0.004
0.017
0.058
0.095
-0.082
0.090
0.104
0.087
0.063
-0.020
0.057
0.030
-0.058
0.019
-0.032
0.014
0.045
0.084
0.125
-0.024
0.114
-0.046
0.030
-0.046
0.026
-0.061
0.011
0.002
0.079
-0.035
0.038
0.041
0.032
0.011
