-0.113 0.228 -0.273 0.015 0.005 -0.034 -0.299 -0.219 0.120 0.171
-0.270 0.036 -0.375 -0.176 -0.072 0.285 0.045 0.056 0.168 0.186
0.158 -0.128 -0.032 0.140 -0.068 -0.112 0.213 -0.240 -0.351 0.106
0.060 0.024 -0.303 0.005 -0.113 -0.176 -0.363 0.060 -0.044 0.214
-0.079 0.333 0.162 -0.396 -0.118 -0.114 0.355 0.149 -0.135 -0.246
-0.458 -0.029 0.156 0.007 0.192 0.160 -0.263 0.168 -0.386 0.155
0.162 -0.101 0.299 -0.254 -0.034 -0.011 -0.085 0.234 -0.248 0.232
0.234 -0.037 0.365 -0.230 0.046 -0.341 -0.096 -0.338 -0.109 -0.035
-0.081 0.070 -0.258 -0.208 0.089 -0.406 0.000 0.224 -0.131 0.163
0.283 -0.034 0.222 -0.168 -0.119 0.280 -0.018 0.219 -0.077 -0.317
-0.135 0.049 -0.269 0.272 0.065 0.192 -0.398 0.043 -0.340 -0.310
0.253 0.095 -0.005 0.096 -0.219 -0.300 -0.270 0.117 -0.279 -0.380
0.170 -0.061 0.041 -0.342 0.212 0.060 0.159 -0.108 0.125 -0.185
-0.138 0.073 0.165 0.139 0.005 0.039 -0.427 -0.382 -0.090 0.184
0.236 -0.240 -0.090 -0.246 0.157 -0.276 0.265 -0.072 -0.082 -0.310
0.204 -0.246 -0.364 -0.381 -0.104 0.106 -0.048 -0.079 0.129 0.078
0.168 -0.239 0.154 0.224 -0.093 0.289 0.222 0.211 -0.324 0.177
0.111 -0.125 0.154 0.040 0.158 0.090 0.113 -0.357 0.261 -0.023
0.292 0.302 -0.320 -0.220 0.189 -0.278 0.171 -0.134 -0.266 0.179
-0.240 0.255 -0.337 -0.106 0.214 -0.088 -0.157 -0.011 0.061 -0.247
-0.275 0.149 0.114 0.125 -0.348 -0.231 -0.147 0.094 -0.110 -0.117
-0.207 -0.248 -0.104 0.165 -0.183 0.227 0.139 -0.172 0.283 -0.169
0.037 0.124 -0.201 0.253 0.107 0.202 0.161 -0.297 -0.301 0.071
0.274 -0.028 -0.087 -0.221 -0.364 0.299 0.160 0.232 -0.288 -0.205
0.084 0.193 -0.083 -0.229 0.316 -0.044 -0.388 0.102 -0.135 -0.124
0.167 -0.283 0.189 0.264 -0.151 0.223 -0.270 0.138 0.212 0.135
-0.205 0.173 0.147 0.233 0.048 -0.016 -0.034 -0.276 0.118 -0.165
-0.346 -0.087 -0.266 0.228 0.079 -0.136 -0.260 0.001 -0.254 0.134
0.231 0.164 -0.317 -0.086 -0.045 -0.212 0.196 -0.003 -0.282 0.187
0.114 -0.048 -0.006 0.094 0.327 0.285 -0.249 0.137 -0.202 -0.284
-0.141 0.162 0.081 -0.114 -0.117 -0.388 0.164 -0.266 0.300 0.212
0.319 -0.258 0.094 -0.093 -0.253 -0.052 -0.331 -0.311 -0.037 0.298
-0.298 0.185 0.247 -0.286 -0.278 0.025 -0.291 0.352 -0.049 -0.206
-0.141 -0.019 0.252 0.258 0.001 0.102 -0.184 -0.122 -0.342 0.165
-0.032 -0.033 -0.355 -0.052 0.250 0.269 -0.026 0.266 -0.332 0.142
0.212 -0.247 -0.304 -0.476 0.186 -0.105 0.120 0.219 0.026 -0.062
-0.300 -0.048 0.086 -0.148 -0.374 0.166 0.236 -0.401 -0.069 -0.252
-0.036 0.188 -0.029 -0.138 -0.249 0.023 0.075 -0.291 0.092 0.092
-0.409 0.237 -0.208 0.206 -0.170 0.220 -0.275 0.000 -0.306 0.314
0.248 -0.114 -0.276 -0.029 0.259 -0.177 0.049 0.088 0.043 0.228
-0.129 0.001 -0.174 0.220 -0.335 0.232 -0.213 0.142 0.188 0.057
0.096 0.296 0.252 0.118 -0.206 -0.066 0.094 0.008 -0.073 -0.598
-0.198 -0.248 0.151 -0.166 0.216 0.043 -0.291 -0.060 0.189 0.219
-0.058 0.065 -0.067 0.087 0.202 0.017 -0.221 0.019 -0.164 0.015
-0.346 -0.248 0.261 -0.403 0.129 -0.027 -0.231 -0.162 -0.105 -0.037
-0.125 0.251 0.244 -0.447 -0.124 0.285 -0.234 -0.084 -0.138 0.099
-0.347 -0.317 0.160 0.278 -0.091 0.000 -0.343 0.385 0.011 -0.275
0.168 0.138 -0.038 -0.466 0.035 0.009 0.233 0.042 0.068 -0.191
0.027 0.136 -0.113 0.227 -0.181 -0.347 0.182 0.303 0.133 -0.050
-0.062 0.358 0.212 -0.001 0.100 -0.444 -0.277 -0.166 -0.343 -0.112
0.240 -0.190 -0.370 0.187 0.046 0.000 0.238 0.335 -0.402 -0.432
0.402 -0.048 0.040 0.066 -0.153 -0.478 -0.194 -0.140 0.096 -0.018
0.080 -0.192 -0.114 0.178 -0.169 -0.274 -0.361 0.296 -0.174 0.103
0.269 -0.347 0.284 -0.012 0.066 -0.384 0.017 -0.356 -0.244 0.067
-0.220 0.023 0.125 -0.148 -0.188 -0.159 0.124 -0.467 -0.118 0.233
-0.140 0.295 -0.021 -0.272 0.335 -0.076 0.171 0.168 -0.374 0.011
-0.148 -0.251 -0.278 0.344 -0.147 -0.090 0.253 0.003 -0.099 -0.350
-0.167 -0.227 -0.294 -0.042 0.171 -0.397 -0.106 -0.009 -0.099 -0.096
0.005 -0.110 0.007 -0.204 0.217 -0.145 -0.316 0.039 0.233 -0.124
-0.095 0.030 0.143 -0.228 -0.141 0.286 0.177 -0.326 0.234 -0.314
-0.001 -0.196 -0.147 0.026 0.213 -0.013 -0.116 -0.337 0.211 -0.231
0.051 -0.372 -0.381 0.299 -0.056 0.295 0.150 -0.470 0.089 0.148
-0.369 0.004 -0.001 0.288 0.202 0.126 -0.231 -0.036 -0.166 0.253
0.052 -0.245 0.145 0.236 -0.042 -0.380 -0.416 0.159 0.244 0.280
-0.056 0.047 0.118 -0.260 -0.169 -0.324 0.019 -0.132 0.123 -0.014
0.006 0.283 0.157 0.084 -0.254 -0.187 0.007 0.114 0.219 -0.419
0.021 -0.217 0.049 -0.200 -0.018 0.008 -0.312 0.039 -0.059 -0.003
0.019 0.300 -0.322 -0.011 0.226 -0.247 -0.095 0.003 -0.114 0.154
-0.069 -0.261 0.086 -0.327 0.163 -0.358 -0.162 0.313 -0.257 0.210
0.067 -0.189 0.078 0.106 -0.481 -0.087 -0.234 -0.044 0.283 0.134
0.068 -0.013 -0.110 0.143 -0.098 0.118 0.051 -0.101 -0.087 0.049
-0.041 -0.247 0.001 0.226 -0.317 0.159 -0.068 -0.075 0.230 -0.029
-0.035 -0.265 0.168 -0.029 -0.200 -0.275 -0.032 0.039 0.210 0.221
0.150 -0.239 0.039 0.074 0.000 0.322 -0.201 -0.133 0.163 0.204
-0.207 -0.229 0.017 -0.336 0.223 0.248 -0.088 0.085 -0.119 -0.182
0.157 0.016 0.025 0.217 0.167 0.083 0.059 -0.434 -0.064 0.048
0.207 -0.128 -0.097 0.170 -0.390 0.017 0.109 -0.282 0.239 0.026
-0.167 0.070 0.097 -0.267 0.192 -0.181 0.198 0.099 0.114 -0.216
0.144 0.024 0.272 -0.002 -0.326 -0.010 0.057 0.105 -0.267 -0.149
-0.015 -0.238 0.112 0.229 -0.405 -0.104 -0.094 0.228 0.098 0.174
-0.273 -0.027 0.224 -0.019 -0.007 -0.022 -0.195 -0.308 -0.460 0.026
-0.068 -0.105 -0.462 0.097 -0.391 0.272 0.035 -0.206 0.038 0.159
0.166 -0.082 0.245 -0.134 0.210 -0.183 -0.193 -0.448 -0.293 0.094
-0.241 -0.390 -0.262 -0.111 -0.133 0.071 -0.154 0.025 -0.074 0.274
0.094 -0.079 -0.233 -0.349 0.173 -0.199 0.064 0.118 0.193 0.099
0.180 -0.105 0.142 -0.184 -0.253 0.199 -0.038 -0.008 -0.268 -0.013
-0.197 -0.367 -0.086 -0.267 0.105 -0.103 0.254 -0.175 0.172 -0.159
-0.026 0.041 -0.200 0.170 0.141 0.078 -0.206 0.008 0.083 0.212
-0.192 -0.118 0.235 -0.176 0.103 -0.070 0.129 -0.077 -0.131 -0.385
0.168 0.260 -0.179 -0.446 0.051 0.014 -0.383 0.323 -0.324 -0.176
0.186 -0.191 -0.165 0.170 0.248 -0.253 -0.045 -0.147 -0.350 0.208
-0.027 -0.043 0.186 0.149 -0.193 -0.228 0.083 0.123 -0.258 -0.561
-0.390 0.216 -0.158 -0.043 -0.082 0.040 -0.166 -0.095 0.050 -0.033
0.132 0.111 -0.112 0.070 -0.512 0.243 -0.254 0.054 0.030 -0.201
0.075 0.109 0.262 0.093 0.222 -0.248 0.046 -0.178 0.197 0.268
-0.431 0.295 0.147 -0.172 -0.054 0.216 -0.392 0.280 -0.207 -0.085
-0.352 -0.031 -0.031 0.223 -0.124 -0.117 -0.244 0.151 0.289 -0.058
-0.005 0.047 -0.207 -0.349 0.229 -0.136 0.278 0.193 -0.161 0.044
0.026 -0.167 -0.290 -0.180 -0.054 0.282 0.164 -0.007 -0.030 0.055
0.033 -0.271 0.013 0.149 -0.296 -0.311 0.298 0.108 -0.063 0.210
